2015,2019
avg_hit_speed,avg_hit_speed
87,90.7
88.1,88.3
87.4,88.8
89.3,89.6
88.3,87.3
88.9,87.5
85.7,86.9
86.8,87
88,90.4
89.7,87
86.1,88.5
87.4,88.4
87.4,89
88.5,86.8
87.4,88.8
87.1,88.1
87.3,86.3
88.9,87.9
88.4,89.9
88.2,88.7
88.9,88.2
88.2,90.5
87.3,89.2
87.7,89.5
88.4,90
88.5,88.6
87.4,86.5
88.2,90.1
89.1,89.2
87.5,86.6
88.2,86.2
87.3,89.3
88,89.9
87.1,87.9
90.2,88.2
85.1,88.9
89.7,88.7
88.2,87
88.5,87.5
88.4,88.9
88.8,88.1
88.7,89.1
87.1,91.2
89.2,89
89.6,86.5
89.5,87.3
87.6,89
87.8,89.2
85.6,90.3
87.4,88.3
87.4,89.2
88.9,86.9
89.8,88.9
86.9,86.6
89,90.8
87.8,89.3
87.8,89.1
88.5,89.2
89,88.2
86.8,88
85.9,88.7
87.8,87.5
88,88.3
87.4,87.3
89.4,89.7
88.2,88.2
88.9,89.8
87.9,87.6
88.1,90.1
87.4,90.9
88,87.6
89.6,88.6
88.5,89.6
88.5,88.1
89.3,89.9
87.2,89.6
89.3,89.3
89.8,89.2
85.9,88.9
88.8,90
88.1,91
88.5,84.8
87.8,88.1
88.5,88.6
88.4,87.8
88.4,89.8
89.5,87.3
87.6,87.6
89.1,90.3
90.1,89.4
88.5,88.3
88.1,86.1
89.1,89.9
89.3,89.4
88.9,88.5
87.1,90.2
86.8,89.2
88.7,90.4
88.8,89.3
88.7,89.3
89.4,88.1
90.2,90
88.9,87.8
87,91.3
89.2,89.7
87.7,88.1
86.2,89.5
86.2,88.8
89.1,89.1
90.1,88.5
87.1,90.5
87.5,89.6
88.4,89
89.5,89
87.5,88.2
90.1,87.3
87.4,90.8
89.8,89.5
87,88.8
89,88.5
89.7,89.4
89.7,87.9
86.2,89.8
87.9,87
89.6,89.5
88.5,88.5
88.2,86.1
88.2,86.7
88.7,88.7
87.8,88.4
88.5,90.3
88.1,86.4
87.6,89.7
88.5,89.5
87.3,90.7
89.6,88.3
87.5,89.6
89.3,89
89.5,92.3
88.2,89.3
89.5,87
86.9,89.1
88.8,89.9
88.2,88.8
88.4,89.2
88,89.2
89.2,90.4
88.3,88.3
88.6,87.3
89.7,87.4
87.5,90.1
90,87.9
89.4,91.1
90.4,87
88.4,87.8
88.3,91
87.9,88.1
89.4,88.4
87.8,89.4
89.6,90.4
90.5,86.8
87.2,88.1
90.3,89.1
88.1,91.9
88,88.3
87.7,86.9
89.4,89.1
87.2,85.5
87.9,90.1
89.9,87.8
88.3,86.8
90,91.5
87.4,88.6
88.5,90.3
90.8,89.4
87.9,89.5
90.1,90.5
89.2,90
87.3,89.3
87.1,89.5
88.4,89.4
89.4,90.4
89.6,84.1
87.8,87.9
86,89.9
90.5,87.7
87.3,89.9
85.7,87.1
88.8,89.7
87.5,90.4
90.8,88.7
90.1,89.3
85.6,89.9
87,88
87.9,87.5
88,89.1
88.2,87.8
88.5,85.8
87.8,88.5
89.3,90.3
87,88.2
90.3,87
88.7,89.8
88.7,91.1
88.6,86.8
87.2,90
89,88.6
86.2,88.3
86.4,89.8
89.5,88.6
88.1,87.3
87.7,90.7
87.2,90.8
87.5,88.4
85.5,88.4
86.8,89
88.3,89
87.2,85.8
89.7,89.1
86.9,88.8
88.9,88.2
87.3,86
90.4,88.5
88.1,87.9
89.3,92.2
87,89
88.6,89.5
89.4,89.8
88.8,86.1
88.1,87.1
88.2,88.7
89.3,87.9
87,88.8
87.9,87.4
87.8,89.1
87.3,87.9
89.3,90.4
89.4,91.4
87.3,91.4
88.7,86.9
89.1,87.9
89.2,89.9
89.1,88.7
85.3,90.9
86.5,87.3
90.5,87.4
87.7,87
88.7,89.5
89.9,89.6
88.8,88.1
87.3,88.6
88,89.2
85.8,89.9
88.4,84.7
86.8,88.2
87,87.4
88.5,91.6
87.1,88.1
88.7,88.9
88.3,84.9
87,86.6
86.6,91.3
89,89
87.6,88
86.4,87.2
87.8,89.5
88.9,88.3
86.7,87.9
87.8,87.5
88.3,86.1
90,88.4
88.6,88.9
87.7,88.8
89,88
86,87.6
86.8,88.6
84.8,87
88.8,86.4
86.9,89.2
90.5,89.4
89.6,87.2
87.3,90.1
85.8,91.1
85.3,87.8
85.2,87.8
86.9,86.7
88.2,88.9
88.2,89.6
88.5,86.9
87.1,89.3
89.1,89
89,87.3
87.4,92.4
84.5,88.8
87,86.8
87.6,89.9
85.1,85.8
87.8,87.2
90.7,87.5
88.4,88.5
88,85.3
86,87.3
90.7,88.7
81.7,88.7
84.8,88.5
87.4,88.3
87,89.4
87.4,90.7
86.1,88.5
87.5,86.8
86.4,88
84.5,86.4
88.3,88.2
88.9,88.7
85.6,88.9
85.8,90
87.8,88.3
88.6,87.6
87.6,91.2
86.6,86.9
85.3,90.9
88.5,87.1
86.8,88.2
86.6,87.4
88.7,87.6
86.9,89.6
88.1,89.1
88,88.4
88,86.9
86.8,88
89.6,88.6
88.4,88.6
87.3,89.4
88.4,89.2
88.1,87.7
84.5,87.9
87.1,88.2
86.4,88.2
87.3,90.2
89.7,89.5
,89.4
,87.6
,86.5
,88.5
,90.2
,90.1
,87.2
,88.9
,87.5
,89.7
,90.4
,86.6
,88
,88.3
,86.9
,86.8
,86.9
,87.3
,88.7
,89.5
,88.2
,90.7